0 0.236500 0.577402 0.177000 0.496441
0 0.411500 0.540925 0.145000 0.384342
0 0.540500 0.522242 0.117000 0.322064
0 0.029500 0.433274 0.049000 0.161922
2 0.274000 0.666370 0.038000 0.051601
2 0.458500 0.653915 0.033000 0.040925
2 0.578000 0.547153 0.022000 0.033808
2 0.034500 0.476868 0.019000 0.021352
3 0.235500 0.379893 0.043000 0.090747
3 0.026500 0.371886 0.009000 0.017794
1 0.273500 0.376335 0.039000 0.076512
1 0.035000 0.381673 0.010000 0.019573
1 0.404000 0.404804 0.022000 0.062278
1 0.422000 0.388790 0.030000 0.055160
1 0.455500 0.383452 0.029000 0.058719
1 0.530000 0.386121 0.024000 0.042705
1 0.566000 0.394128 0.028000 0.044484
