3 0.747222 0.270833 0.078889 0.148333
3 0.566667 0.271667 0.046667 0.076667
3 0.182222 0.356667 0.113333 0.210000
3 0.283889 0.318333 0.076667 0.143333
3 0.345556 0.287500 0.037778 0.075000
3 0.413889 0.284167 0.032222 0.061667
3 0.470000 0.282500 0.037778 0.065000
3 0.533333 0.255833 0.020000 0.038333
3 0.611111 0.241667 0.017778 0.040000
3 0.670000 0.243333 0.031111 0.056667
0 0.245556 0.626667 0.366667 0.746667
0 0.783889 0.595833 0.343333 0.808333
0 0.571111 0.500000 0.168889 0.546667
0 0.470000 0.416667 0.091111 0.333333
0 0.373333 0.444167 0.120000 0.395000
2 0.845556 0.596667 0.088889 0.033333
2 0.583333 0.536667 0.066667 0.026667
2 0.471111 0.431667 0.028889 0.023333
2 0.283889 0.658333 0.061111 0.026667
0 0.666667 0.340833 0.077778 0.261667
